4.374097351655176734e-03
4.374097351658017344e-03
1.099554621507884897e-02
1.099554621507905020e-02
1.119777648784914259e-02
1.830656310338822992e-02
1.830656310339012424e-02
2.957632279313899409e-02
3.735987446399343520e-02
3.735987446399496176e-02
4.722706077906301675e-02
6.335618010966530267e-02
6.335618010966652391e-02
7.937884121343785626e-02
7.937884121343892485e-02
9.544274856029244525e-02
1.173277839343081913e-01
1.173277839343108142e-01
1.297049271094911638e-01
1.513554234652584596e-01
1.513554234652601804e-01
1.822423352602922930e-01
2.909778532476156032e-01
2.909778532476186563e-01
3.089913143346439961e-01
3.739232782668439059e-01
3.949289206087077675e-01
3.949289206087087667e-01
5.282294343103997036e-01
6.140903410199942680e-01
6.140903410199953782e-01
7.538475565970003123e-01
8.006562846906203346e-01
8.006562846906235542e-01
8.008932838100506491e-01
1.395613450224884478e+00
1.927215983525531584e+00
2.130409874575007301e+00
2.130409874575009521e+00
2.262358834658697138e+00
2.505740735567723920e+00
2.976521007035610733e+00
3.353542231073701974e+00
3.353542231073713076e+00
3.391032470032028900e+00
3.577242843773214886e+00
4.069994679877297905e+00
4.069994679877300570e+00
4.379966887591192126e+00
5.311175378484844778e+00
5.311175378484852772e+00
6.375257940353546537e+00
8.475757981339777203e+00
8.475757981339796743e+00
9.970898976360153654e+00
9.970898976360155430e+00
9.974732639641997523e+00
1.075074390359336540e+01
1.081629121399286397e+01
1.081629121399286753e+01
1.483387689140009691e+01
1.483387689140012355e+01
2.089913021835574725e+01
2.232316704733741730e+01
2.261047385332069481e+01
2.261047385332072324e+01
3.531919388955891748e+01
3.531919388955893879e+01
5.487791802772967742e+01
5.487791802772969163e+01
6.564735929286307226e+01
6.564735929286320015e+01
